1 10 0 0
2 0 0 0
3 0 10 0
4 10 10 0
5 10 10 10
6 10 0 10
7 0 0 10
8 0 10 10
9 10 10 0
10 0 10 0
11 0 20 0
12 10 20 0
13 10 20 10
14 10 10 10
15 0 10 10
16 0 20 10
17 10 0 10
18 0 0 10
19 0 10 10
20 10 10 10
21 10 10 20
22 10 0 20
23 0 0 20
24 0 10 20
25 10 10 10
26 0 10 10
27 0 20 10
28 10 20 10
29 10 20 20
30 10 10 20
31 0 10 20
32 0 20 20
33 20 0 0
34 10 0 0
35 10 10 0
36 20 10 0
37 20 10 10
38 20 0 10
39 10 0 10
40 10 10 10
41 20 10 0
42 10 10 0
43 10 20 0
44 20 20 0
45 20 20 10
46 20 10 10
47 10 10 10
48 10 20 10
49 20 0 10
50 10 0 10
51 10 10 10
52 20 10 10
53 20 10 20
54 20 0 20
55 10 0 20
56 10 10 20
57 20 10 10
58 10 10 10
59 10 20 10
60 20 20 10
61 20 20 20
62 20 10 20
63 10 10 20
64 10 20 20
65 30 0 0
66 20 0 0
67 20 10 0
68 30 10 0
69 30 10 10
70 30 0 10
71 20 0 10
72 20 10 10
73 30 10 0
74 20 10 0
75 20 20 0
76 30 20 0
77 30 20 10
78 30 10 10
79 20 10 10
80 20 20 10
81 30 0 10
82 20 0 10
83 20 10 10
84 30 10 10
85 30 10 20
86 30 0 20
87 20 0 20
88 20 10 20
89 30 10 10
90 20 10 10
91 20 20 10
92 30 20 10
93 30 20 20
94 30 10 20
95 20 10 20
96 20 20 20
Faces:
1 2 3 4.
1 4 5 6.
4 3 8 5.
3 2 7 8.
2 1 6 7.
6 5 8 7.
9 10 11 12.
9 12 13 14.
12 11 16 13.
11 10 15 16.
10 9 14 15.
14 13 16 15.
17 18 19 20.
17 20 21 22.
20 19 24 21.
19 18 23 24.
18 17 22 23.
22 21 24 23.
25 26 27 28.
25 28 29 30.
28 27 32 29.
27 26 31 32.
26 25 30 31.
30 29 32 31.
33 34 35 36.
33 36 37 38.
36 35 40 37.
35 34 39 40.
34 33 38 39.
38 37 40 39.
41 42 43 44.
41 44 45 46.
44 43 48 45.
43 42 47 48.
42 41 46 47.
46 45 48 47.
49 50 51 52.
49 52 53 54.
52 51 56 53.
51 50 55 56.
50 49 54 55.
54 53 56 55.
57 58 59 60.
57 60 61 62.
60 59 64 61.
59 58 63 64.
58 57 62 63.
62 61 64 63.
65 66 67 68.
65 68 69 70.
68 67 72 69.
67 66 71 72.
66 65 70 71.
70 69 72 71.
73 74 75 76.
73 76 77 78.
76 75 80 77.
75 74 79 80.
74 73 78 79.
78 77 80 79.
81 82 83 84.
81 84 85 86.
84 83 88 85.
83 82 87 88.
82 81 86 87.
86 85 88 87.
89 90 91 92.
89 92 93 94.
92 91 96 93.
91 90 95 96.
90 89 94 95.
94 93 96 95.
